20
HCoV_229E        0.0000000 0.5588109 0.2073242 0.5918012 0.6037072 0.5589551 0.5946259 0.5429481 0.5466342 0.5749152 0.5526839 0.5564931 0.5449706 0.5473875 0.5988528 0.5759720 0.5482716 0.5899610 0.5629480 0.5542993 
SARS-CoV         0.5588109 0.0000000 0.5307567 0.4079779 0.4255858 0.0024306 0.4086715 0.3592840 0.3556427 0.3485950 0.0295610 0.3506668 0.3544265 0.2403999 0.4023301 0.3409096 0.0337175 0.4000233 0.3444304 0.0278831 
HCoV_NL63        0.2073242 0.5307567 0.0000000 0.6069173 0.6030956 0.5320473 0.6040705 0.5490100 0.5500884 0.5507862 0.5304460 0.5525226 0.5408868 0.5386739 0.5981971 0.5632422 0.5310356 0.5910249 0.5626133 0.5293716 
HCoV_OC43        0.5918012 0.4079779 0.6069173 0.0000000 0.1236348 0.4090741 0.1110981 0.4095329 0.4061101 0.4221676 0.4127663 0.4057414 0.3970269 0.4066059 0.0900594 0.4174873 0.4113707 0.0738958 0.3996141 0.4142546 
HCoV_HKU1        0.6037072 0.4255858 0.6030956 0.1236348 0.0000000 0.4267094 0.0967306 0.4162697 0.4118231 0.4387625 0.4209866 0.4077884 0.4013011 0.4094258 0.1253617 0.4418233 0.4262981 0.1207746 0.4227884 0.4180035 
SARS-CoV_PC4-227 0.5589551 0.0024306 0.5320473 0.4090741 0.4267094 0.0000000 0.4119684 0.3624634 0.3577113 0.3504272 0.0320395 0.3517121 0.3554698 0.2423084 0.4056286 0.3430991 0.0345438 0.4011077 0.3454750 0.0303576 
MHV              0.5946259 0.4086715 0.6040705 0.1110981 0.0967306 0.4119684 0.0000000 0.3972359 0.3982529 0.4175222 0.4134018 0.3999940 0.3967217 0.3942447 0.1098095 0.4166990 0.4161341 0.1021709 0.4060018 0.4088927 
Ty-BatCoV_HKU4   0.5429481 0.3592840 0.5490100 0.4095329 0.4162697 0.3624634 0.3972359 0.0000000 0.0817049 0.3691772 0.3711581 0.0983314 0.1311970 0.3465455 0.4029843 0.3592835 0.3633921 0.3989676 0.3596292 0.3702201 
Pi-BatCoV_HKU5   0.5466342 0.3556427 0.5500884 0.4061101 0.4118231 0.3577113 0.3982529 0.0817049 0.0000000 0.3679564 0.3669667 0.0826270 0.1240955 0.3361247 0.4052275 0.3589029 0.3575146 0.3927164 0.3590873 0.3660316 
Ro-BatCoV_HKU9   0.5749152 0.3485950 0.5507862 0.4221676 0.4387625 0.3504272 0.4175222 0.3691772 0.3679564 0.0000000 0.3510141 0.3694743 0.3685476 0.3380370 0.4198593 0.1061140 0.3542433 0.4113190 0.1361687 0.3474745 
RaTG13           0.5526839 0.0295610 0.5304460 0.4127663 0.4209866 0.0320395 0.4134018 0.3711581 0.3669667 0.3510141 0.0000000 0.3598628 0.3634446 0.2528965 0.4024353 0.3487700 0.0429706 0.4064394 0.3428552 0.0056738 
MERS-CoV         0.5564931 0.3506668 0.5525226 0.4057414 0.4077884 0.3517121 0.3999940 0.0983314 0.0826270 0.3694743 0.3598628 0.0000000 0.1087217 0.3326063 0.4042810 0.3608108 0.3538937 0.3877330 0.3594013 0.3582169 
EriCoV           0.5449706 0.3544265 0.5408868 0.3970269 0.4013011 0.3554698 0.3967217 0.1311970 0.1240955 0.3685476 0.3634446 0.1087217 0.0000000 0.3448004 0.4020553 0.3562361 0.3499671 0.3874790 0.3522296 0.3593292 
Bat_Hp-BetaCoV   0.5473875 0.2403999 0.5386739 0.4066059 0.4094258 0.2423084 0.3942447 0.3465455 0.3361247 0.3380370 0.2528965 0.3326063 0.3448004 0.0000000 0.4002422 0.3402066 0.2541713 0.3932047 0.3309509 0.2497357 
ChRCoV_HKU24     0.5988528 0.4023301 0.5981971 0.0900594 0.1253617 0.4056286 0.1098095 0.4029843 0.4052275 0.4198593 0.4024353 0.4042810 0.4020553 0.4002422 0.0000000 0.4151876 0.4068024 0.0928677 0.4012952 0.4043641 
Ro-BatCoV_GCCDC1 0.5759720 0.3409096 0.5632422 0.4174873 0.4418233 0.3430991 0.4166990 0.3592835 0.3589029 0.1061140 0.3487700 0.3608108 0.3562361 0.3402066 0.4151876 0.0000000 0.3465207 0.4094965 0.1420744 0.3444028 
SARSr-CoV_BtKY72 0.5482716 0.0337175 0.5310356 0.4113707 0.4262981 0.0345438 0.4161341 0.3633921 0.3575146 0.3542433 0.0429706 0.3538937 0.3499671 0.2541713 0.4068024 0.3465207 0.0000000 0.4016356 0.3467710 0.0404249 
MrufCoV_2JL14    0.5899610 0.4000233 0.5910249 0.0738958 0.1207746 0.4011077 0.1021709 0.3989676 0.3927164 0.4113190 0.4064394 0.3877330 0.3874790 0.3932047 0.0928677 0.4094965 0.4016356 0.0000000 0.3996107 0.4014844 
Ei-BatCoV_C704   0.5629480 0.3444304 0.5626133 0.3996141 0.4227884 0.3454750 0.4060018 0.3596292 0.3590873 0.1361687 0.3428552 0.3594013 0.3522296 0.3309509 0.4012952 0.1420744 0.3467710 0.3996107 0.0000000 0.3406163 
SARS-CoV-2       0.5542993 0.0278831 0.5293716 0.4142546 0.4180035 0.0303576 0.4088927 0.3702201 0.3660316 0.3474745 0.0056738 0.3582169 0.3593292 0.2497357 0.4043641 0.3444028 0.0404249 0.4014844 0.3406163 0.0000000 
